C,C sharp,D,D sharp,E,F,F sharp,G,G sharp,A,A sharp,B,key
0.07241489023226216,0.061279032771237675,0.15278396436525613,0.013935730194082088,0.13783009863188034,0.028444161629016862,0.10353165765192493,0.13439389118676426,0.028125994272987592,0.13795736557429208,0.010181355392936684,0.11912185809735923,G major
0.00968950434458545,0.0968950434458545,0.16301512268795482,0.015318831767451897,0.14575446717533294,0.0070415628738991435,0.14412647353039248,0.06888570700037268,0.046799913696722435,0.18843536080654336,0.0070415628738991435,0.10699644979699116,D major
0.028188539741219962,0.12091805298829328,0.131392483056069,0.014222632984185662,0.1595296775518587,0.02972889710412816,0.09247278701992197,0.0516533169028548,0.06356541384267816,0.16004313000616144,0.022129800780447732,0.12615526802218113,G major
0.008923884514435695,0.11076115485564304,0.16272965879265092,0.005774278215223097,0.14383202099737533,0.006036745406824147,0.14304461942257218,0.1005249343832021,0.032020997375328084,0.15223097112860892,0.009711286089238843,0.12440944881889765,B minor
0.013612467142320693,0.12176117161096507,0.12852046564025535,0.014645137063462259,0.13715734134434848,0.009669545625234695,0.14898610589560646,0.057923394667668035,0.05820503191888848,0.17761922643634998,0.00694705219677056,0.12495306045812993,B minor
0.015584415584415584,0.12272727272727273,0.11688311688311688,0.01818181818181818,0.14285714285714285,0.00909090909090909,0.13896103896103895,0.08376623376623378,0.03896103896103896,0.17077922077922078,0.002597402597402597,0.1396103896103896,B minor
0.025458996328029376,0.08935128518971848,0.16621787025703794,0.006854345165238678,0.14614443084455325,0.0007343941248470013,0.13341493268053856,0.10501835985312118,0.020563035495716038,0.18849449204406368,0.0,0.11774785801713585,B minor
0.07295173961840629,0.04433221099887767,0.14646464646464644,0.022727272727272728,0.13468013468013468,0.009539842873176206,0.11531986531986532,0.13860830527497195,0.010381593714927048,0.14169472502805835,0.018518518518518517,0.1447811447811448,B minor
0.05810498514361175,0.06932981181908221,0.06767910201386597,0.0475404423902278,0.1366787718719049,0.037636183558930336,0.15021459227467812,0.07923407065037966,0.04027731924727633,0.0815450643776824,0.0340046219874546,0.1977550346649059,B minor
0.001013787510137875,0.1056366585563666,0.14953365774533658,0.012570965125709651,0.16443633414436334,0.004967558799675588,0.15875912408759124,0.07633819951338201,0.029805352798053526,0.1549067315490673,0.020174371451743715,0.1218572587185726,B minor
0.005849508109545334,0.1486306833289019,0.08003190640787025,0.03164052113799522,0.14809890986439778,0.02047327838340867,0.11087476734910927,0.007710715235309758,0.12470087742621642,0.17043339537357086,0.00824248869981388,0.14331294868386069,B minor
0.0062402496099844,0.11410742143971475,0.15979496322710052,0.0109204368174727,0.1373969244484065,0.012146200133719634,0.14998885669712506,0.05560508134611099,0.04869623356362826,0.2039224426119902,0.012034767104969913,0.08914642299977714,B minor
0.009876045550740705,0.10369847828277738,0.1675904464375693,0.005542678625415701,0.1357452383351809,0.003728711075279653,0.1511639625113373,0.09341932883200643,0.021969162551647686,0.16890053411266753,0.00896906177567268,0.12939635190970472,B minor
0.026842362127867253,0.17398731088335773,0.07003416300634456,0.0534407027818448,0.08077110785749146,0.036359199609565636,0.15592972181551976,0.020009760858955592,0.12371888726207908,0.10053684724255736,0.03489507076622743,0.12347486578818935,B minor
0.009423654739142312,0.10256760447965037,0.1617044523354275,0.007101884730947829,0.15159792406446326,0.0031412182463807703,0.14750068287353182,0.08740781207320404,0.020076481835564045,0.20882272603113905,0.0073750341436765905,0.09328052444687243,B minor
0.0068762278978389,0.12868369351669942,0.13605108055009826,0.01768172888015717,0.13408644400785855,0.012278978388998036,0.16994106090373282,0.0869351669941061,0.015717092337917484,0.08055009823182711,0.05599214145383104,0.15520628683693516,B minor
0.0830945558739255,0.04656160458452722,0.18839541547277935,0.04656160458452722,0.06446991404011461,0.05802292263610315,0.07593123209169055,0.17550143266475646,0.014326647564469915,0.13681948424068768,0.08094555873925502,0.029369627507163324,B minor
0.01650738488271069,0.11120764552562988,0.17520996235157835,0.0052128583840139004,0.14132638285548801,0.0011584129742253113,0.1488560671879525,0.08803938604112366,0.021720243266724587,0.1352447147408051,0.01071532001158413,0.1448016217781639,B minor
0.026513122656668445,0.09882163899303696,0.13363685056239955,0.02088912694161757,0.15640064274236742,0.003749330476700589,0.13336904124263524,0.09507230851633636,0.040707016604177824,0.1494376004284949,0.013122656668452064,0.128280664167113,B minor
0.024286924597571303,0.08368634095829804,0.15551162571778218,0.011390379365527628,0.15296997081803634,0.002729925633060341,0.14110891461922245,0.09394709592393864,0.023345570930998774,0.18290501741504284,0.006024663466064201,0.12209357055445733,B minor
0.006016217630133403,0.1388961548522103,0.08239602406487052,0.035574156421658384,0.1504054407533351,0.012032435260266806,0.11849332984567094,0.00941668846455663,0.1135234109338216,0.1595605545383207,0.014386607376405963,0.15929897985874966,B minor
0.017792421746293245,0.1186161449752883,0.17034596375617791,0.005930807248764415,0.13838550247116968,0.0026359143327841844,0.14761120263591435,0.0843492586490939,0.024052718286655686,0.13904448105436573,0.009225700164744648,0.14200988467874795,B minor
0.0919965202261853,0.03914745541539799,0.16224445411048286,0.011526750761200522,0.10874293170943887,0.007612005219660722,0.12287951283166595,0.1446280991735537,0.0078294910830796,0.1509351892127012,0.012396694214876032,0.14006089604175728,B minor
0.03360151443445338,0.14245149077141506,0.09086606720302888,0.029342167534311406,0.08140085186938002,0.05111216280170374,0.1722669190724089,0.05584477046852816,0.08424041646947468,0.0743019403691434,0.03360151443445338,0.150970184571699,B minor
0.003563330093942339,0.13475866537091027,0.1360544217687075,0.009394233884029804,0.1383219954648526,0.013281503077421444,0.15225137674117267,0.08001295756397797,0.036281179138322,0.1000971817298348,0.0463232912212504,0.14965986394557826,B minor
0.016346046925386413,0.13944178805737795,0.09196041365506503,0.030468141888135212,0.10441454464583563,0.031468920271322136,0.1692427443567219,0.051373290336928716,0.07828310908484376,0.09474035360836204,0.0368064049816524,0.15545424218836873,B minor
0.016815554387808726,0.1091259414958837,0.13217726396917148,0.024557715887195655,0.12937467157120336,0.017306008057453144,0.14734629532317395,0.06894377299001576,0.0581537922578385,0.1605885444035733,0.009633911368015412,0.12597652828866698,D major
0.12801013941698353,0.028517110266159693,0.08681875792141952,0.1267427122940431,0.02344740177439797,0.1482889733840304,0.0050697084917617225,0.1520912547528517,0.11280101394169835,0.031685678073510776,0.15272496831432192,0.0038022813688212928,E flat major
0.14918190567853706,0.032723772858517804,0.10875842155919152,0.11838306063522618,0.029836381135707413,0.12030798845043313,0.02598652550529355,0.15399422521655434,0.08277189605389798,0.04234841193455245,0.09528392685274302,0.04042348411934552,E flat major
0.10090237899917966,0.033634126333059886,0.09105824446267433,0.1763740771123872,0.00984413453650533,0.13699753896636588,0.004101722723543888,0.13289581624282198,0.1173092698933552,0.022149302707137,0.1657095980311731,0.009023789991796555,E flat major
0.14420062695924765,0.013584117032392894,0.13862765586903514,0.007662835249042145,0.14454893765238594,0.0961337513061651,0.03726924416579589,0.14454893765238594,0.011842563566701495,0.133402995471961,0.02647161267850923,0.10170672239637757,C major
0.13693467336683418,0.02261306532663317,0.13190954773869346,0.01193467336683417,0.14258793969849246,0.0835427135678392,0.0364321608040201,0.10113065326633164,0.032663316582914576,0.17022613065326633,0.023241206030150757,0.10678391959798997,C major
0.1222169587873046,0.016579819990525817,0.15111321648507814,0.005210800568450971,0.14116532449076266,0.10847939365229747,0.04026527711984841,0.1459024159166272,0.00947418285172904,0.12790146849834202,0.041212695405021316,0.09047844623401233,C major
0.08170212765957446,0.05404255319148936,0.14936170212765956,0.02297872340425532,0.13361702127659575,0.012340425531914894,0.11659574468085104,0.13744680851063829,0.00851063829787234,0.14851063829787234,0.00978723404255319,0.1251063829787234,G major
0.06408952187182096,0.061037639877924724,0.09918616480162767,0.052899287894201424,0.14242115971515767,0.03560528992878942,0.08850457782299084,0.08799593082400814,0.056968463886063074,0.13123092573753814,0.03662258392675483,0.14343845371312308,G major
0.07605633802816901,0.05070422535211268,0.12816901408450704,0.020657276995305163,0.12253521126760565,0.010328638497652582,0.14178403755868546,0.12816901408450704,0.012206572769953052,0.14835680751173708,0.011737089201877934,0.14929577464788732,G major
0.010198078054520495,0.1198274171406158,0.15042165130417728,0.013924298882133751,0.13610511865071584,0.01706216905275544,0.14532261227691706,0.0606001176701314,0.06471857226907236,0.15159835261816046,0.01000196116885664,0.12021965091194353,D major
0.05672268907563025,0.04411764705882353,0.04971988795518207,0.06372549019607843,0.1792717086834734,0.008403361344537815,0.1253501400560224,0.10014005602240897,0.025210084033613446,0.10784313725490197,0.031512605042016806,0.20798319327731093,E minor
0.16367713004484305,0.01345291479820628,0.13036515054452275,0.12780269058295965,0.020179372197309416,0.1133888532991672,0.031710442024343366,0.15374759769378604,0.06021780909673286,0.052210121716848176,0.08680333119795003,0.0464445868033312,C minor
0.0941292226959659,0.04427681206953099,0.16497212200721548,0.010167267956707115,0.124303050180387,0.10396851426697278,0.020662512299114463,0.10888816005247623,0.028533945555919975,0.18530665792062967,0.059035749426041326,0.05575598556903903,D minor
0.0835030549898167,0.057026476578411416,0.17922606924643586,0.0,0.15274949083503056,0.08961303462321793,0.024439918533604887,0.06924643584521385,0.05091649694501019,0.1710794297352342,0.024439918533604887,0.09775967413441956,D minor
0.09455128205128203,0.037660256410256415,0.15985576923076922,0.01282051282051282,0.11858974358974357,0.10897435897435898,0.02083333333333333,0.11858974358974357,0.025240384615384616,0.1891025641025641,0.0673076923076923,0.046474358974358976,D minor
0.12142038946162655,0.021534936998854524,0.12462772050400915,0.019473081328751432,0.15578465063001146,0.06987399770904926,0.04994272623138603,0.08018327605956473,0.05131729667812142,0.16059564719358535,0.009621993127147769,0.13562428407789232,A minor
0.1577437858508604,0.0033460803059273425,0.13718929254302106,0.13575525812619502,0.021510516252390057,0.12428298279158699,0.01768642447418738,0.19120458891013384,0.05592734225621415,0.04158699808795411,0.05353728489483748,0.06022944550669216,C minor
0.13786167414513384,0.02460157821445149,0.11124864613956367,0.1575119913352932,0.007581618443447315,0.13956367012223425,0.004951261024292124,0.1318273247717778,0.09036051369333127,0.03465882717004487,0.14528856568157206,0.014544329258858115,E flat major
0.13394565633371602,0.014159969383849981,0.12055109070034445,0.15690776884806734,0.007271335629544584,0.14657481821660925,0.0019135093761959434,0.1415996938384998,0.09873708381171067,0.027171833141982397,0.1415996938384998,0.009567546880979716,E flat major
0.12105263157894736,0.023308270676691733,0.11228070175438597,0.16165413533834586,0.007769423558897244,0.14160401002506265,0.006766917293233083,0.1255639097744361,0.09649122807017543,0.042105263157894736,0.14461152882205516,0.016791979949874688,E flat major
0.1097445600756859,0.027751497950173447,0.15894039735099338,0.008199306212551246,0.11289813938820563,0.02554399243140965,0.09523809523809523,0.1576789656259855,0.012614317250078841,0.1403342794071271,0.017975402081362345,0.13308104698833176,G major
0.16254477230086986,0.007163568139177895,0.12911478765137302,0.1357666723520382,0.010233668770254136,0.13354937745181647,0.010063107624083236,0.17004946273238955,0.08101654443117857,0.034453351526522256,0.06498379669111376,0.061060890329183014,C minor
0.06791277258566979,0.04361370716510903,0.15140186915887852,0.007476635514018692,0.14018691588785046,0.11962616822429907,0.03925233644859813,0.13333333333333333,0.023052959501557637,0.16386292834890967,0.0573208722741433,0.0529595015576324,D minor
0.09591474245115453,0.014209591474245116,0.17761989342806395,0.0763765541740675,0.03730017761989343,0.0674955595026643,0.07992895204262877,0.15808170515097691,0.010657193605683835,0.13676731793960922,0.1438721136767318,0.0017761989342806395,D minor
0.18232044198895028,0.09392265193370164,0.02394106813996317,0.0847145488029466,0.046040515653775316,0.1860036832412523,0.01289134438305709,0.08839779005524863,0.13075506445672191,0.01841620626151013,0.11970534069981585,0.01289134438305709,F minor
0.032467532467532464,0.042207792207792215,0.03896103896103896,0.08116883116883117,0.18181818181818185,0.003246753246753247,0.17532467532467533,0.1266233766233766,0.012987012987012988,0.055194805194805185,0.022727272727272728,0.2272727272727273,E minor
0.1445583596214511,0.012460567823343848,0.13233438485804416,0.019085173501577287,0.1197160883280757,0.12657728706624605,0.019400630914826498,0.14897476340694008,0.0059148264984227135,0.14400630914826498,0.07405362776025237,0.052917981072555215,F major
0.09232296492389146,0.044341495698213114,0.15949702183984116,0.002316346790205162,0.12210456651224355,0.009927200529450696,0.11515552614162805,0.1614824619457313,0.001654533421575116,0.14758438120450032,0.0009927200529450694,0.14262078093977498,G major
0.10184787279759347,0.04555221314997851,0.15040825096691018,0.005156854318865492,0.11817791147400085,0.017619252256123763,0.11388053287494627,0.1431027073485174,0.015470562956596476,0.13966480446927373,0.002578427159432746,0.14654061022776108,G major
0.13523606295012006,0.029874633235529482,0.09895972259269137,0.12456655108028808,0.026673779674579887,0.1397706054947986,0.007201920512136571,0.13150173379567884,0.10429447852760736,0.04507868765004002,0.1424379834622566,0.014403841024273141,E flat major
0.07197161682716675,0.05727318803852002,0.15053218449062342,0.011657374556512924,0.13329954384186518,0.013684744044602128,0.11809427268119616,0.15255955397871265,0.008109477952356817,0.12975164723770907,0.01013684744044602,0.1429295489102889,G major
0.0053619302949061655,0.14312229325634152,0.10455764075067024,0.0255722829449371,0.16209527737677873,0.006805526912765519,0.11672509795834192,0.017941843679109094,0.11074448339863888,0.17281913796659104,0.005774386471437409,0.12848009898948234,A major
0.08759342301943199,0.04035874439461883,0.14110612855007473,0.017040358744394614,0.15037369207772794,0.015844544095665172,0.11958146487294467,0.1476831091180867,0.011659192825112108,0.12167414050822126,0.007473841554559044,0.13961136023916293,G major
0.14480408858603067,0.06814310051107325,0.0596252129471891,0.065587734241908,0.05110732538330494,0.16609880749574105,0.007666098807495741,0.14054514480408858,0.11669505962521295,0.02555366269165247,0.141396933560477,0.012776831345826236,F minor
0.16222910216718267,0.0006191950464396285,0.17275541795665636,0.12136222910216718,0.0086687306501548,0.08359133126934984,0.037151702786377715,0.15913312693498452,0.010526315789473684,0.10092879256965943,0.108359133126935,0.0346749226006192,G minor
0.1267092069279854,0.010938924339106657,0.15132178669097535,0.07748404740200547,0.02005469462169553,0.07110300820419325,0.051959890610756614,0.15952597994530535,0.010027347310847768,0.14949863263445762,0.15132178669097535,0.02005469462169553,G minor
0.11698956780923996,0.016393442622950817,0.16989567809239942,0.08271236959761549,0.03204172876304024,0.08792846497764531,0.04321907600596125,0.15424739195231,0.005216095380029807,0.13263785394932934,0.13263785394932934,0.02608047690014903,G minor
0.0025010421008753647,0.16548561900791994,0.12463526469362235,0.015006252605252188,0.11796581909128805,0.013338891204668612,0.12338474364318465,0.02084201750729471,0.10337640683618174,0.13922467694872864,0.010837849103793248,0.16340141725719048,A major
0.12803772216177006,0.02067464635473341,0.1254987305041712,0.018498367791077257,0.132752992383025,0.02176278563656148,0.08886470801595937,0.13492927094668114,0.01813565469713457,0.14109539354370693,0.006891548784911135,0.1628581791802684,G major
0.00482780817508851,0.11876408110717734,0.1268104280656582,0.02252977148374638,0.14483424525265529,0.010299324106855488,0.14161570646926294,0.04023173479240425,0.07724493080141616,0.16124879304795622,0.014161570646926297,0.13743160605085292,A major
0.09146005509641872,0.04022038567493113,0.1068870523415978,0.04132231404958678,0.1652892561983471,0.008264462809917356,0.1068870523415978,0.13553719008264462,0.021487603305785124,0.12451790633608815,0.009917355371900829,0.14820936639118454,E minor
0.10400763358778628,0.02385496183206107,0.10114503816793892,0.04198473282442748,0.16221374045801526,0.012404580152671756,0.10400763358778628,0.1269083969465649,0.0267175572519084,0.12595419847328246,0.008587786259541985,0.16221374045801526,E minor
0.13178947368421054,0.017894736842105262,0.15242105263157896,0.004421052631578947,0.13157894736842105,0.07010526315789474,0.05957894736842105,0.16042105263157894,0.0037894736842105257,0.13052631578947368,0.017473684210526315,0.12,C major
0.07709880068532267,0.04911479154768703,0.13478012564249,0.03026841804683038,0.1342090234151913,0.012564249000571102,0.12792689891490575,0.13992004568817815,0.010850942318675044,0.12849800114220444,0.005139920045688178,0.14962878355225587,G major
0.14556962025316456,0.008438818565400843,0.14767932489451474,0.0,0.14345991561181434,0.0970464135021097,0.033755274261603366,0.14767932489451474,0.014767932489451475,0.1308016877637131,0.016877637130801686,0.1139240506329114,C major
0.1413237924865832,0.008944543828264758,0.1413237924865832,0.0,0.1449016100178891,0.1001788908765653,0.03577817531305903,0.1413237924865832,0.01610017889087657,0.13416815742397134,0.01610017889087657,0.11985688729874774,C major
0.1451831750339213,0.0,0.16010854816824965,0.13704206241519673,0.0027137042062415195,0.12890094979647218,0.012211668928086837,0.14925373134328354,0.06377204884667571,0.06784260515603799,0.11261872455902308,0.0203527815468114,C minor
0.0017953321364452427,0.13644524236983846,0.17055655296229802,0.0035906642728904853,0.1526032315978456,0.0,0.14721723518850988,0.07540394973070018,0.03052064631956912,0.1310592459605027,0.017953321364452424,0.13285457809694792,D major
0.12013536379018612,0.02707275803722504,0.1505922165820643,0.00338409475465313,0.16751269035532995,0.16074450084602368,0.01692047377326565,0.09983079526226736,0.018612521150592216,0.13028764805414553,0.07445008460236886,0.030456852791878174,D minor
0.14088050314465408,0.050314465408805034,0.08679245283018867,0.13584905660377358,0.022641509433962263,0.13584905660377358,0.0,0.13584905660377358,0.1220125786163522,0.031446540880503145,0.13333333333333333,0.005031446540880503,E flat major
0.0036429872495446266,0.11475409836065575,0.01092896174863388,0.14754098360655735,0.14207650273224046,0.0036429872495446266,0.10018214936247724,0.020036429872495445,0.15300546448087432,0.07468123861566485,0.06375227686703097,0.1657559198542805,E major
0.11396011396011395,0.034188034188034185,0.12108262108262108,0.037037037037037035,0.1581196581196581,0.0,0.12108262108262108,0.1339031339031339,0.0028490028490028487,0.0925925925925926,0.0071225071225071235,0.17806267806267806,E minor
0.15436241610738255,0.01174496644295302,0.13758389261744966,0.028523489932885907,0.09395973154362416,0.16275167785234898,0.0050335570469798654,0.12751677852348994,0.0,0.13590604026845635,0.11409395973154365,0.028523489932885907,F major
0.13853503184713375,0.05732484076433121,0.08439490445859872,0.08280254777070062,0.05732484076433121,0.1305732484076433,0.01592356687898089,0.14171974522292993,0.11624203821656053,0.03503184713375796,0.1035031847133758,0.03662420382165605,F minor
0.15656565656565655,0.030303030303030307,0.21043771043771045,0.0,0.07744107744107744,0.005050505050505051,0.11952861952861953,0.13468013468013468,0.0,0.11952861952861953,0.0,0.14646464646464644,G major
0.11661341853035145,0.020766773162939296,0.16293929712460065,0.06869009584664537,0.07028753993610222,0.10702875399361024,0.03354632587859425,0.1501597444089457,0.01597444089456869,0.12939297124600638,0.09105431309904154,0.03354632587859425,G minor
0.007856341189674524,0.14590347923681254,0.10886644219977554,0.044893378226711564,0.13804713804713806,0.008978675645342313,0.12457912457912458,0.012345679012345678,0.122334455667789,0.13804713804713806,0.0056116722783389455,0.1425364758698092,A major
0.15780141843971632,0.007092198581560284,0.12234042553191488,0.02127659574468085,0.17553191489361702,0.058510638297872335,0.044326241134751775,0.09397163120567376,0.04787234042553192,0.13652482269503546,0.0053191489361702135,0.12943262411347514,A minor
0.15372168284789645,0.0,0.14401294498381878,0.13268608414239486,0.012944983818770229,0.14724919093851133,0.0048543689320388345,0.12135922330097088,0.033980582524271837,0.09223300970873786,0.15210355987055016,0.0048543689320388345,B flat major
0.0017921146953405016,0.12007168458781363,0.13261648745519716,0.008960573476702509,0.13082437275985664,0.01971326164874552,0.16129032258064516,0.08064516129032258,0.05197132616487455,0.12365591397849462,0.026881720430107527,0.14157706093189965,B minor
0.13379073756432247,0.012006861063464836,0.13379073756432247,0.0017152658662092624,0.14065180102915953,0.1269296740994854,0.03602058319039452,0.14751286449399656,0.0,0.1320754716981132,0.029159519725557463,0.10634648370497428,C major
0.1645123384253819,0.0035252643948296123,0.1445358401880141,0.136310223266745,0.012925969447708578,0.11985898942420682,0.01645123384253819,0.14218566392479434,0.0564042303172738,0.05287896592244418,0.12220916568742655,0.0282021151586369,C minor
0.03106508875739645,0.09467455621301776,0.11094674556213018,0.017751479289940832,0.13757396449704146,0.010355029585798816,0.15828402366863906,0.11390532544378698,0.03402366863905325,0.14053254437869822,0.01183431952662722,0.1390532544378698,D major
0.09838998211091236,0.048300536672629686,0.14847942754919502,0.01610017889087657,0.110912343470483,0.10196779964221823,0.03398926654740608,0.10912343470483003,0.03220035778175313,0.1699463327370304,0.08586762075134168,0.044722719141323794,D minor
0.17452830188679244,0.0330188679245283,0.07783018867924528,0.12028301886792453,0.021226415094339618,0.1391509433962264,0.0,0.13443396226415094,0.12264150943396225,0.018867924528301886,0.1509433962264151,0.007075471698113208,E flat major
0.009861932938856016,0.14201183431952666,0.01183431952662722,0.1203155818540434,0.15581854043392504,0.003944773175542407,0.15384615384615385,0.005917159763313609,0.14003944773175542,0.10650887573964496,0.02564102564102564,0.1242603550295858,E major
0.055248618784530384,0.08839779005524863,0.11049723756906077,0.026243093922651933,0.16298342541436464,0.0055248618784530384,0.15193370165745854,0.10773480662983426,0.02071823204419889,0.11740331491712708,0.016574585635359115,0.13674033149171272,E minor
0.12998266897746968,0.01733102253032929,0.15077989601386482,0.02253032928942808,0.09185441941074524,0.1386481802426343,0.0034662045060658573,0.1559792027729636,0.0,0.1611785095320624,0.10571923743500866,0.02253032928942808,F major
0.13787878787878788,0.07878787878787878,0.05,0.1,0.05151515151515152,0.14242424242424245,0.03939393939393939,0.10757575757575756,0.10757575757575756,0.03939393939393939,0.11363636363636365,0.031818181818181815,F minor
0.1153846153846154,0.02884615384615385,0.1282051282051282,0.011217948717948718,0.11858974358974357,0.011217948717948718,0.11378205128205128,0.1282051282051282,0.02243589743589744,0.14583333333333334,0.009615384615384616,0.16666666666666666,G major
0.11131725417439704,0.031539888682745834,0.16697588126159554,0.0686456400742115,0.05009276437847866,0.08163265306122447,0.04267161410018553,0.14471243042671614,0.007421150278293135,0.12430426716141002,0.14471243042671614,0.025974025974025976,G minor
0.0078023407022106625,0.14044213263979194,0.06762028608582575,0.04291287386215865,0.1339401820546164,0.02080624187256177,0.1105331599479844,0.0013003901170351106,0.14564369310793238,0.17685305591677505,0.005201560468140442,0.1469440832249675,A major
0.1493411420204978,0.017569546120058566,0.13469985358711567,0.007320644216691069,0.1581259150805271,0.07759882869692533,0.02928257686676428,0.09809663250366032,0.03513909224011713,0.1595900439238653,0.007320644216691069,0.1259150805270864,A minor
0.1139240506329114,0.006329113924050633,0.1439873417721519,0.1060126582278481,0.039556962025316465,0.15031645569620253,0.004746835443037975,0.14082278481012658,0.02531645569620253,0.10443037974683543,0.1439873417721519,0.02056962025316456,B flat major
0.005925925925925926,0.1051851851851852,0.14222222222222222,0.007407407407407408,0.13037037037037036,0.0014814814814814814,0.1748148148148148,0.0725925925925926,0.023703703703703703,0.1037037037037037,0.022222222222222227,0.2103703703703704,B minor
0.0594758064516129,0.08165322580645161,0.08165322580645161,0.0594758064516129,0.14415322580645162,0.02217741935483871,0.11491935483870967,0.0997983870967742,0.04435483870967742,0.11391129032258066,0.05040322580645161,0.1280241935483871,E minor
0.16395663956639567,0.023035230352303523,0.11856368563685638,0.03523035230352303,0.10298102981029812,0.14498644986449866,0.012872628726287264,0.11720867208672088,0.032520325203252036,0.12330623306233066,0.08468834688346884,0.04065040650406504,F major
0.108600583090379,0.02842565597667638,0.1377551020408163,0.018950437317784258,0.13629737609329445,0.025510204081632654,0.10058309037900874,0.14431486880466474,0.00728862973760933,0.13629737609329445,0.004373177842565598,0.15160349854227406,G major
0.10989010989010987,0.02874049027895182,0.11158072696534237,0.026204564666103127,0.16314454775993234,0.06424344885883347,0.06677937447168218,0.0904480135249366,0.04733727810650888,0.13355874894336436,0.02028740490278952,0.13778529163144548,A minor
0.106312292358804,0.03239202657807309,0.1079734219269103,0.034883720930232565,0.1644518272425249,0.0606312292358804,0.06976744186046513,0.0872093023255814,0.053156146179402,0.132890365448505,0.01827242524916944,0.13205980066445186,A minor
0.014199722179348662,0.1271801203889489,0.1122086741781139,0.02670165148942738,0.1523383238154036,0.012501929310078716,0.11544991511035653,0.03611668467356074,0.09121778052168544,0.14878839327056645,0.01528013582342954,0.1480166692390801,A major
0.002493765586034913,0.13092269326683292,0.114713216957606,0.028678304239401493,0.15087281795511226,0.007481296758104737,0.1259351620947631,0.02369077306733167,0.11221945137157108,0.1483790523690773,0.014962593516209474,0.1396508728179551,A major
0.011534025374855823,0.12802768166089964,0.0726643598615917,0.056516724336793535,0.1522491349480969,0.00922722029988466,0.12687427912341406,0.0196078431372549,0.118800461361015,0.14994232987312572,0.0265282583621684,0.12802768166089964,A major
0.0,0.1445221445221445,0.09090909090909093,0.03263403263403263,0.14918414918414918,0.011655011655011656,0.12121212121212123,0.0,0.1258741258741259,0.16317016317016314,0.004662004662004662,0.1561771561771562,A major
0.0,0.15821501014198786,0.10953346855983773,0.018255578093306288,0.1460446247464503,0.0020283975659229213,0.12981744421906696,0.04665314401622718,0.07707910750507099,0.12778904665314406,0.026369168356997968,0.15821501014198786,A major
0.0,0.14476190476190476,0.12,0.01904761904761905,0.15047619047619049,0.0019047619047619048,0.1295238095238095,0.04380952380952381,0.07238095238095238,0.13333333333333333,0.022857142857142857,0.1619047619047619,A major
0.0,0.1256637168141593,0.1079646017699115,0.01946902654867257,0.15575221238938053,0.001769911504424779,0.12212389380530972,0.04247787610619469,0.07610619469026549,0.16283185840707964,0.01946902654867257,0.1663716814159292,A major
0.022774327122153208,0.11801242236024845,0.13664596273291926,0.014492753623188406,0.16563146997929604,0.014492753623188406,0.11801242236024845,0.045548654244306416,0.07453416149068323,0.13457556935817805,0.014492753623188406,0.14078674948240166,A major
0.0,0.1636980491942324,0.1085665818490246,0.021204410517387612,0.15691263782866835,0.0,0.09499575911789652,0.016963528413910092,0.090754877014419,0.17217981340118746,0.005089058524173028,0.16963528413910092,A major
0.13043478260869565,0.009153318077803205,0.12814645308924486,0.006864988558352402,0.16933638443935928,0.09610983981693363,0.032036613272311214,0.07093821510297482,0.04805491990846682,0.15560640732265446,0.004576659038901603,0.14874141876430205,A major
0.00508130081300813,0.1209349593495935,0.1097560975609756,0.0233739837398374,0.16666666666666666,0.0,0.14126016260162602,0.029471544715447155,0.09857723577235772,0.1443089430894309,0.0040650406504065045,0.1565040650406504,A major
0.11805121798875702,0.02232979387882573,0.12039350405996252,0.017957526545908806,0.16474078700811992,0.06636477201748907,0.05324797001873829,0.0905683947532792,0.051217988757026864,0.1456901936289819,0.007807620237351654,0.14163023110555906,A minor
0.12703053931124106,0.01332033788174139,0.12897985705003248,0.015919428200129954,0.16439246263807664,0.057504873294346975,0.06075373619233267,0.08024691358024691,0.06367771280051981,0.13190383365821962,0.005198180636777128,0.15107212475633527,A minor
0.11059907834101383,0.024577572964669742,0.10752688172043012,0.013824884792626729,0.14746543778801846,0.07373271889400923,0.04608294930875576,0.0890937019969278,0.053763440860215055,0.1674347158218126,0.013824884792626729,0.15207373271889402,A minor
0.13307240704500978,0.0136986301369863,0.14677103718199608,0.0,0.162426614481409,0.09980430528375732,0.019569471624266144,0.09980430528375732,0.03913894324853229,0.162426614481409,0.015655577299412915,0.1076320939334638,A minor
0.13920454545454544,0.008522727272727272,0.08522727272727272,0.03125,0.1846590909090909,0.09375,0.03693181818181818,0.1278409090909091,0.01988636363636364,0.14204545454545456,0.017045454545454544,0.11363636363636365,A minor
0.13856812933025406,0.016166281755196306,0.08775981524249422,0.030023094688221712,0.17321016166281755,0.09006928406466512,0.03233256351039261,0.12240184757505773,0.02540415704387991,0.14318706697459585,0.030023094688221712,0.11085450346420324,A minor
0.11434511434511435,0.015246015246015246,0.11711711711711713,0.022176022176022176,0.17602217602217604,0.06444906444906445,0.04435204435204435,0.09009009009009007,0.02772002772002772,0.17602217602217604,0.0097020097020097,0.14275814275814275,A minor
0.0,0.15231788079470202,0.10596026490066224,0.023178807947019868,0.17549668874172186,0.019867549668874173,0.10264900662251657,0.023178807947019868,0.08940397350993377,0.15894039735099338,0.006622516556291391,0.1423841059602649,A minor
0.12134688691232527,0.020330368487928845,0.10419313850063533,0.02795425667090216,0.16200762388818296,0.07115628970775095,0.05972045743329098,0.12642947903430748,0.029224904701397717,0.1454891994917408,0.0025412960609911056,0.12960609911054638,A minor
0.11914172783738003,0.02145680406549972,0.1549030679465462,0.07189911537737624,0.04912478825522304,0.0901562205910032,0.04423113118765293,0.15584415584415584,0.0199510634293243,0.12779973649538867,0.12215320910973085,0.023338979860718992,G minor
0.1225531914893617,0.023404255319148932,0.15829787234042553,0.07659574468085106,0.04468085106382979,0.1051063829787234,0.03617021276595744,0.13744680851063829,0.02723404255319149,0.11914893617021274,0.1348936170212766,0.014468085106382981,G minor
0.12579617834394904,0.012738853503184714,0.16878980891719744,0.10191082802547773,0.03662420382165605,0.08280254777070062,0.04777070063694268,0.1464968152866242,0.01592356687898089,0.1305732484076433,0.11464968152866242,0.01592356687898089,G minor
0.11956521739130435,0.012422360248447204,0.15683229813664595,0.09472049689440994,0.031055900621118005,0.08695652173913042,0.04503105590062112,0.15993788819875776,0.020186335403726708,0.13198757763975155,0.12267080745341614,0.018633540372670808,G minor
0.07924528301886792,0.04150943396226415,0.11320754716981132,0.06037735849056604,0.052830188679245285,0.07547169811320754,0.07924528301886792,0.1811320754716981,0.049056603773584916,0.12075471698113208,0.10566037735849056,0.04150943396226415,G minor
0.10067114093959732,0.029082774049217,0.10961968680089486,0.08277404921700224,0.040268456375838924,0.09395973154362416,0.06935123042505592,0.17449664429530198,0.053691275167785234,0.09843400447427292,0.10961968680089486,0.03803131991051454,G minor
0.09328358208955224,0.009950248756218905,0.14925373134328354,0.05721393034825871,0.037313432835820885,0.07835820895522387,0.03482587064676617,0.24253731343283585,0.022388059701492536,0.14427860696517414,0.12064676616915425,0.009950248756218905,G minor
0.16981132075471694,0.006289308176100629,0.18867924528301888,0.0,0.06918238993710693,0.0,0.05660377358490566,0.14465408805031446,0.0,0.1509433962264151,0.0,0.2138364779874214,G minor
0.11163337250293773,0.02937720329024677,0.15276145710928318,0.054054054054054064,0.08225616921269095,0.08578143360752058,0.04465334900117509,0.16216216216216214,0.010575793184488836,0.13748531139835488,0.10928319623971798,0.0199764982373678,G minor
0.15532451165721484,0.014965343415248897,0.12870195337114052,0.01906112161310649,0.10475740390674228,0.15059861373660996,0.011184625078764963,0.13972904851921866,0.005986137366099559,0.1389413988657845,0.08900441083805923,0.04174543163201008,F major
0.16150969058143488,0.008160489629377762,0.12648758925535533,0.024141448486909214,0.10336620197211832,0.15062903774226455,0.00884053043182591,0.13872832369942195,0.00918055083304998,0.13090785447126824,0.09384563073784427,0.044202652159129545,F major
0.15985130111524162,0.007434944237918215,0.09169764560099132,0.009913258983890954,0.08426270136307311,0.1412639405204461,0.01486988847583643,0.17596034696406446,0.006195786864931847,0.1536555142503098,0.10285006195786864,0.05204460966542751,F major
0.1691542288557214,0.0024875621890547268,0.1218905472636816,0.022388059701492536,0.10696517412935323,0.1417910447761194,0.01492537313432836,0.13930348258706468,0.0,0.13432835820895522,0.12935323383084574,0.017412935323383085,F major
0.1772853185595568,0.0221606648199446,0.11911357340720223,0.03878116343490305,0.07202216066481995,0.16066481994459833,0.008310249307479225,0.1523545706371191,0.01939058171745152,0.10526315789473684,0.0886426592797784,0.036011080332409975,F major
0.12222222222222222,0.015873015873015872,0.13015873015873014,0.006349206349206349,0.12857142857142856,0.1841269841269841,0.0031746031746031746,0.15555555555555556,0.0,0.14285714285714285,0.08571428571428573,0.0253968253968254,F major
0.06099518459069021,0.07062600321027288,0.19743178170144465,0.019261637239165328,0.13001605136436598,0.14285714285714285,0.0,0.11396468699839485,0.0,0.1637239165329053,0.07223113964686999,0.028892455858747994,F major
0.1564245810055866,0.0186219739292365,0.1387337057728119,0.008379888268156423,0.10707635009310988,0.14338919925512106,0.0223463687150838,0.13128491620111732,0.002793296089385475,0.15921787709497207,0.07541899441340782,0.036312849162011177,F major
0.06368583615237534,0.056331813501985586,0.08736578908663037,0.045300779526400936,0.15928813060744226,0.01088395352257685,0.14163847624650686,0.1182526842182674,0.023679952934255042,0.1179585233122518,0.02191498749816149,0.15369907339314606,E minor
0.07179642532565889,0.05755831566192063,0.08906392002423508,0.040593759466828236,0.15237806725234776,0.011511663132384126,0.14177521963041506,0.12056952438654953,0.018782187215995155,0.11935777037261434,0.023023326264768253,0.15358982126628296,E minor
0.0573025856044724,0.07407407407407407,0.09084556254367576,0.04612159329140461,0.16771488469601678,0.009783368273934313,0.13067784765897975,0.1013277428371768,0.02236198462613557,0.1069182389937107,0.0419287211740042,0.1509433962264151,E minor
0.061538461538461535,0.07132867132867132,0.13706293706293707,0.03636363636363636,0.16783216783216784,0.004195804195804196,0.13846153846153847,0.11608391608391608,0.009790209790209793,0.11048951048951047,0.0027972027972027968,0.14405594405594405,E minor
0.052757793764988015,0.052757793764988015,0.10311750599520383,0.03357314148681055,0.15587529976019185,0.023980815347721826,0.11990407673860913,0.1223021582733813,0.0407673860911271,0.12949640287769784,0.007194244604316547,0.15827338129496402,E minor
0.057182705718270575,0.02370990237099024,0.06415620641562064,0.03207810320781032,0.16875871687587168,0.0055788005578800565,0.17154811715481172,0.1701534170153417,0.011157601115760113,0.13528591352859135,0.0055788005578800565,0.15481171548117156,E minor
0.0,0.0967741935483871,0.004608294930875576,0.10599078341013823,0.17972350230414744,0.0,0.16589861751152074,0.0,0.14746543778801846,0.1152073732718894,0.036866359447004615,0.14746543778801846,E minor
0.06797235023041474,0.0576036866359447,0.08179723502304148,0.059907834101382486,0.16359447004608296,0.010368663594470045,0.1336405529953917,0.10253456221198157,0.02534562211981567,0.10944700460829493,0.02534562211981567,0.16244239631336405,E minor
0.08747537944618236,0.04472251187579655,0.154095701540957,0.018306105897346773,0.12200208550573514,0.10578148534352914,0.03441084462982273,0.12628895840574672,0.0202757502027575,0.15641293013555788,0.0789016336461592,0.05132661337040899,D minor
0.10740978005551996,0.0343796711509716,0.14904975443092036,0.017723681400811445,0.12321161648515908,0.11830023489216315,0.023489216314328418,0.12427930813581038,0.018150758061071963,0.15118513773222295,0.07922272047832586,0.05359812086269485,D minor
0.07640750670241286,0.05361930294906166,0.15281501340482573,0.01876675603217158,0.12734584450402145,0.1005361930294906,0.022788203753351208,0.1380697050938338,0.021447721179624662,0.1514745308310992,0.08042895442359249,0.05630026809651475,D minor
0.09116809116809116,0.03276353276353276,0.1452991452991453,0.027065527065527062,0.12535612535612534,0.12535612535612534,0.028490028490028487,0.12962962962962962,0.011396011396011395,0.15669515669515668,0.09971509971509973,0.027065527065527062,D minor
0.04885057471264368,0.0603448275862069,0.1264367816091954,0.002873563218390805,0.13218390804597702,0.14367816091954022,0.02586206896551724,0.16091954022988506,0.011494252873563218,0.16379310344827586,0.09482758620689656,0.02873563218390805,D minor
0.06828193832599119,0.07158590308370044,0.14317180616740088,0.006607929515418502,0.12334801762114538,0.09691629955947137,0.03524229074889868,0.14977973568281938,0.015418502202643172,0.16079295154185022,0.0881057268722467,0.040748898678414094,D minor
0.07853881278538813,0.03835616438356165,0.1552511415525114,0.010958904109589041,0.11963470319634704,0.1141552511415525,0.012785388127853882,0.14885844748858448,0.00182648401826484,0.1808219178082192,0.1187214611872146,0.02009132420091324,D minor
0.015915119363395226,0.03448275862068965,0.2891246684350133,0.0,0.11140583554376657,0.0,0.1870026525198939,0.1312997347480106,0.010610079575596816,0.13793103448275862,0.0,0.08222811671087532,D minor
0.035689293212036385,0.05458362491252624,0.14135759272218335,0.02659202239328201,0.15605318404478655,0.086074177746676,0.03358992302309307,0.059482155353393976,0.0363890832750175,0.1973407977606718,0.11966410076976905,0.05318404478656403,D minor
0.07664756446991404,0.05050143266475645,0.15007163323782235,0.01361031518624642,0.10959885386819483,0.11103151862464183,0.025071633237822348,0.1454154727793696,0.009312320916905445,0.1751432664756447,0.1010028653295129,0.03259312320916905,D minor
0.15177478580171358,0.013463892288861691,0.11954304365565074,0.12239902080783352,0.02447980416156671,0.14116687066503467,0.013055895552835577,0.16360669114647086,0.08853529171766626,0.03549571603427173,0.08078335373317014,0.04569563443492452,C minor
